+-------+-----+-----+-----+-----+--------+------------------------------------------+---------+--------+--------+--------+--------+--------+--------+--------+------------+------------+------------+------------+
| COUNT | 2XX | 3XX | 4XX | 5XX | METHOD |                   URI                    |   SUM   |  AVG   |  MIN   |  MAX   |  P90   |  P95   |  P99   | STDDEV | MIN(BODY)  | MAX(BODY)  | SUM(BODY)  | AVG(BODY)  |
+-------+-----+-----+-----+-----+--------+------------------------------------------+---------+--------+--------+--------+--------+--------+--------+--------+------------+------------+------------+------------+
| 160   | 9   | 0   | 144 | 7   | POST   | /login$                                  | 204.348 | 1.277  | 2.860  | 10.001 | 8.536  | 10.000 | 10.001 | 3.072  | 0.000      | 3213.000   | 23242.000  | 145.262    |
| 11    | 5   | 0   | 6   | 0   | POST   | /user                                    | 80.917  | 7.356  | 2.428  | 10.001 | 10.000 | 10.001 | 10.001 | 2.777  | 0.000      | 6518.000   | 32582.000  | 2962.000   |
| 1     | 1   | 0   | 0   | 0   | POST   | /initialize$                             | 44.552  | 44.552 | 44.552 | 44.552 | 44.552 | 44.552 | 44.552 | 0.000  | 18.000     | 18.000     | 18.000     | 18.000     |
| 1     | 1   | 0   | 0   | 0   | POST   | /user/3700544641/present/receive         | 0.128   | 0.128  | 0.128  | 0.128  | 0.128  | 0.128  | 0.128  | 0.000  | 14634.000  | 14634.000  | 14634.000  | 14634.000  |
| 2     | 2   | 0   | 0   | 0   | POST   | /user/1577/present/receive               | 0.104   | 0.052  | 0.040  | 0.064  | 0.064  | 0.064  | 0.064  | 0.012  | 2206.000   | 5828.000   | 8034.000   | 4017.000   |
| 2     | 2   | 0   | 0   | 0   | POST   | /user/1478/present/receive               | 0.100   | 0.050  | 0.040  | 0.060  | 0.060  | 0.060  | 0.060  | 0.010  | 2206.000   | 5828.000   | 8034.000   | 4017.000   |
| 2     | 2   | 0   | 0   | 0   | POST   | /user/1706/present/receive               | 0.092   | 0.046  | 0.044  | 0.048  | 0.048  | 0.048  | 0.048  | 0.002  | 2207.000   | 5828.000   | 8035.000   | 4017.500   |
| 1     | 1   | 0   | 0   | 0   | POST   | /user/6479030111/gacha/draw/37/10        | 0.088   | 0.088  | 0.088  | 0.088  | 0.088  | 0.088  | 0.088  | 0.000  | 1982.000   | 1982.000   | 1982.000   | 1982.000   |
| 1     | 1   | 0   | 0   | 0   | POST   | /user/3349025359/gacha/draw/37/10        | 0.084   | 0.084  | 0.084  | 0.084  | 0.084  | 0.084  | 0.084  | 0.000  | 1982.000   | 1982.000   | 1982.000   | 1982.000   |
| 1     | 1   | 0   | 0   | 0   | POST   | /user/1688185485/present/receive         | 0.084   | 0.084  | 0.084  | 0.084  | 0.084  | 0.084  | 0.084  | 0.000  | 8336.000   | 8336.000   | 8336.000   | 8336.000   |
| 1     | 1   | 0   | 0   | 0   | POST   | /user/3349025359/present/receive         | 0.084   | 0.084  | 0.084  | 0.084  | 0.084  | 0.084  | 0.084  | 0.000  | 8119.000   | 8119.000   | 8119.000   | 8119.000   |
| 1     | 1   | 0   | 0   | 0   | POST   | /user/5529921282/present/receive         | 0.080   | 0.080  | 0.080  | 0.080  | 0.080  | 0.080  | 0.080  | 0.000  | 8124.000   | 8124.000   | 8124.000   | 8124.000   |
| 1     | 1   | 0   | 0   | 0   | GET    | /admin/user/3700544641                   | 0.080   | 0.080  | 0.080  | 0.080  | 0.080  | 0.080  | 0.080  | 0.000  | 40945.000  | 40945.000  | 40945.000  | 40945.000  |
| 1     | 1   | 0   | 0   | 0   | POST   | /user/5529921282/gacha/draw/37/10        | 0.076   | 0.076  | 0.076  | 0.076  | 0.076  | 0.076  | 0.076  | 0.000  | 1982.000   | 1982.000   | 1982.000   | 1982.000   |
| 2     | 1   | 0   | 1   | 0   | POST   | /user/3700544641/gacha/draw/31/10        | 0.076   | 0.038  | 0.004  | 0.072  | 0.072  | 0.072  | 0.072  | 0.034  | 46.000     | 2137.000   | 2183.000   | 1091.500   |
| 1     | 1   | 0   | 0   | 0   | POST   | /user/1688185485/gacha/draw/37/10        | 0.076   | 0.076  | 0.076  | 0.076  | 0.076  | 0.076  | 0.076  | 0.000  | 1983.000   | 1983.000   | 1983.000   | 1983.000   |
| 1     | 1   | 0   | 0   | 0   | POST   | /user/1577/gacha/draw/37/10              | 0.076   | 0.076  | 0.076  | 0.076  | 0.076  | 0.076  | 0.076  | 0.000  | 1922.000   | 1922.000   | 1922.000   | 1922.000   |
| 1     | 1   | 0   | 0   | 0   | POST   | /user/1478/gacha/draw/37/10              | 0.076   | 0.076  | 0.076  | 0.076  | 0.076  | 0.076  | 0.076  | 0.000  | 1922.000   | 1922.000   | 1922.000   | 1922.000   |
| 1     | 1   | 0   | 0   | 0   | POST   | /user/1706/gacha/draw/37/10              | 0.072   | 0.072  | 0.072  | 0.072  | 0.072  | 0.072  | 0.072  | 0.000  | 1923.000   | 1923.000   | 1923.000   | 1923.000   |
| 1     | 1   | 0   | 0   | 0   | POST   | /user/6479030111/present/receive         | 0.060   | 0.060  | 0.060  | 0.060  | 0.060  | 0.060  | 0.060  | 0.000  | 5275.000   | 5275.000   | 5275.000   | 5275.000   |
| 2     | 2   | 0   | 0   | 0   | GET    | /user/3700544641/item                    | 0.032   | 0.016  | 0.016  | 0.016  | 0.016  | 0.016  | 0.016  | 0.000  | 4423.000   | 5468.000   | 9891.000   | 4945.500   |
| 1     | 1   | 0   | 0   | 0   | GET    | /user/6479030111/present/index/1         | 0.024   | 0.024  | 0.024  | 0.024  | 0.024  | 0.024  | 0.024  | 0.000  | 4702.000   | 4702.000   | 4702.000   | 4702.000   |
| 1     | 1   | 0   | 0   | 0   | GET    | /user/1577/gacha/index                   | 0.020   | 0.020  | 0.020  | 0.020  | 0.020  | 0.020  | 0.020  | 0.000  | 8663.000   | 8663.000   | 8663.000   | 8663.000   |
| 1     | 1   | 0   | 0   | 0   | GET    | /user/3700544641/gacha/index             | 0.020   | 0.020  | 0.020  | 0.020  | 0.020  | 0.020  | 0.020  | 0.000  | 8670.000   | 8670.000   | 8670.000   | 8670.000   |
| 1     | 1   | 0   | 0   | 0   | GET    | /user/1706/gacha/index                   | 0.020   | 0.020  | 0.020  | 0.020  | 0.020  | 0.020  | 0.020  | 0.000  | 8663.000   | 8663.000   | 8663.000   | 8663.000   |
| 1     | 1   | 0   | 0   | 0   | GET    | /user/3349025359/gacha/index             | 0.016   | 0.016  | 0.016  | 0.016  | 0.016  | 0.016  | 0.016  | 0.000  | 8663.000   | 8663.000   | 8663.000   | 8663.000   |
| 1     | 1   | 0   | 0   | 0   | GET    | /user/6479030111/gacha/index             | 0.016   | 0.016  | 0.016  | 0.016  | 0.016  | 0.016  | 0.016  | 0.000  | 8663.000   | 8663.000   | 8663.000   | 8663.000   |
| 2     | 1   | 0   | 1   | 0   | POST   | /user/3700544641/card/addexp/91651784505 | 0.016   | 0.008  | 0.000  | 0.016  | 0.016  | 0.016  | 0.016  | 0.008  | 46.000     | 331.000    | 377.000    | 188.500    |
| 1     | 1   | 0   | 0   | 0   | POST   | /user/1478/card                          | 0.016   | 0.016  | 0.016  | 0.016  | 0.016  | 0.016  | 0.016  | 0.000  | 171.000    | 171.000    | 171.000    | 171.000    |
| 1     | 1   | 0   | 0   | 0   | GET    | /user/1706/item                          | 0.016   | 0.016  | 0.016  | 0.016  | 0.016  | 0.016  | 0.016  | 0.000  | 1181.000   | 1181.000   | 1181.000   | 1181.000   |
| 1     | 1   | 0   | 0   | 0   | POST   | /user/1706/card/addexp/1708              | 0.016   | 0.016  | 0.016  | 0.016  | 0.016  | 0.016  | 0.016  | 0.000  | 303.000    | 303.000    | 303.000    | 303.000    |
| 1     | 1   | 0   | 0   | 0   | GET    | /user/1688185485/present/index/1         | 0.016   | 0.016  | 0.016  | 0.016  | 0.016  | 0.016  | 0.016  | 0.000  | 7435.000   | 7435.000   | 7435.000   | 7435.000   |
| 1     | 1   | 0   | 0   | 0   | GET    | /user/1478/gacha/index                   | 0.016   | 0.016  | 0.016  | 0.016  | 0.016  | 0.016  | 0.016  | 0.000  | 8663.000   | 8663.000   | 8663.000   | 8663.000   |
| 1     | 1   | 0   | 0   | 0   | GET    | /user/1688185485/gacha/index             | 0.016   | 0.016  | 0.016  | 0.016  | 0.016  | 0.016  | 0.016  | 0.000  | 8663.000   | 8663.000   | 8663.000   | 8663.000   |
| 1     | 1   | 0   | 0   | 0   | POST   | /user/1706/card                          | 0.016   | 0.016  | 0.016  | 0.016  | 0.016  | 0.016  | 0.016  | 0.000  | 171.000    | 171.000    | 171.000    | 171.000    |
| 1     | 1   | 0   | 0   | 0   | POST   | /user/1577/card                          | 0.016   | 0.016  | 0.016  | 0.016  | 0.016  | 0.016  | 0.016  | 0.000  | 171.000    | 171.000    | 171.000    | 171.000    |
| 1     | 1   | 0   | 0   | 0   | POST   | /user/1577/card/addexp/1579              | 0.016   | 0.016  | 0.016  | 0.016  | 0.016  | 0.016  | 0.016  | 0.000  | 300.000    | 300.000    | 300.000    | 300.000    |
| 1     | 1   | 0   | 0   | 0   | GET    | /user/5529921282/gacha/index             | 0.016   | 0.016  | 0.016  | 0.016  | 0.016  | 0.016  | 0.016  | 0.000  | 8663.000   | 8663.000   | 8663.000   | 8663.000   |
| 1     | 1   | 0   | 0   | 0   | POST   | /user/3349025359/reward                  | 0.012   | 0.012  | 0.012  | 0.012  | 0.012  | 0.012  | 0.012  | 0.000  | 216.000    | 216.000    | 216.000    | 216.000    |
| 1     | 1   | 0   | 0   | 0   | POST   | /user/3700544641/card                    | 0.012   | 0.012  | 0.012  | 0.012  | 0.012  | 0.012  | 0.012  | 0.000  | 196.000    | 196.000    | 196.000    | 196.000    |
| 1     | 1   | 0   | 0   | 0   | GET    | /user/1577/item                          | 0.012   | 0.012  | 0.012  | 0.012  | 0.012  | 0.012  | 0.012  | 0.000  | 1521.000   | 1521.000   | 1521.000   | 1521.000   |
| 1     | 1   | 0   | 0   | 0   | GET    | /user/1478/item                          | 0.012   | 0.012  | 0.012  | 0.012  | 0.012  | 0.012  | 0.012  | 0.000  | 1413.000   | 1413.000   | 1413.000   | 1413.000   |
| 1     | 1   | 0   | 0   | 0   | POST   | /user/1478/card/addexp/1481              | 0.012   | 0.012  | 0.012  | 0.012  | 0.012  | 0.012  | 0.012  | 0.000  | 300.000    | 300.000    | 300.000    | 300.000    |
| 1     | 1   | 0   | 0   | 0   | GET    | /user/5529921282/present/index/1         | 0.012   | 0.012  | 0.012  | 0.012  | 0.012  | 0.012  | 0.012  | 0.000  | 7246.000   | 7246.000   | 7246.000   | 7246.000   |
| 1     | 1   | 0   | 0   | 0   | POST   | /user/6479030111/reward                  | 0.012   | 0.012  | 0.012  | 0.012  | 0.012  | 0.012  | 0.012  | 0.000  | 215.000    | 215.000    | 215.000    | 215.000    |
| 1     | 1   | 0   | 0   | 0   | POST   | /admin/user/3700544641/ban               | 0.012   | 0.012  | 0.012  | 0.012  | 0.012  | 0.012  | 0.012  | 0.000  | 178.000    | 178.000    | 178.000    | 178.000    |
| 1     | 1   | 0   | 0   | 0   | POST   | /user/5529921282/reward                  | 0.008   | 0.008  | 0.008  | 0.008  | 0.008  | 0.008  | 0.008  | 0.000  | 216.000    | 216.000    | 216.000    | 216.000    |
| 1     | 1   | 0   | 0   | 0   | GET    | /user/3349025359/present/index/1         | 0.008   | 0.008  | 0.008  | 0.008  | 0.008  | 0.008  | 0.008  | 0.000  | 7241.000   | 7241.000   | 7241.000   | 7241.000   |
| 1     | 1   | 0   | 0   | 0   | PUT    | /admin/master                            | 0.008   | 0.008  | 0.008  | 0.008  | 0.008  | 0.008  | 0.008  | 0.000  | 58.000     | 58.000     | 58.000     | 58.000     |
| 1     | 1   | 0   | 0   | 0   | POST   | /user/1688185485/reward                  | 0.008   | 0.008  | 0.008  | 0.008  | 0.008  | 0.008  | 0.008  | 0.000  | 216.000    | 216.000    | 216.000    | 216.000    |
| 2     | 2   | 0   | 0   | 0   | GET    | /user/1706/present/index/1               | 0.008   | 0.004  | 0.004  | 0.004  | 0.004  | 0.004  | 0.004  | 0.000  | 1938.000   | 5180.000   | 7118.000   | 3559.000   |
| 1     | 1   | 0   | 0   | 0   | DELETE | /admin/logout                            | 0.008   | 0.008  | 0.008  | 0.008  | 0.008  | 0.008  | 0.008  | 0.000  | 0.000      | 0.000      | 0.000      | 0.000      |
| 4     | 2   | 0   | 2   | 0   | GET    | /user/3700544641/home                    | 0.008   | 0.002  | 0.004  | 0.004  | 0.004  | 0.004  | 0.004  | 0.002  | 42.000     | 389.000    | 862.000    | 215.500    |
| 2     | 2   | 0   | 0   | 0   | GET    | /user/1577/present/index/1               | 0.004   | 0.002  | 0.004  | 0.004  | 0.004  | 0.004  | 0.004  | 0.002  | 1937.000   | 5180.000   | 7117.000   | 3558.500   |
| 2     | 2   | 0   | 0   | 0   | GET    | /user/3700544641/present/index/1         | 0.004   | 0.002  | 0.000  | 0.004  | 0.004  | 0.004  | 0.004  | 0.002  | 31.000     | 13066.000  | 13097.000  | 6548.500   |
| 1     | 1   | 0   | 0   | 0   | GET    | /admin/master                            | 0.004   | 0.004  | 0.004  | 0.004  | 0.004  | 0.004  | 0.004  | 0.000  | 118556.000 | 118556.000 | 118556.000 | 118556.000 |
| 1     | 1   | 0   | 0   | 0   | GET    | /user/5529921282/home                    | 0.004   | 0.004  | 0.004  | 0.004  | 0.004  | 0.004  | 0.004  | 0.000  | 388.000    | 388.000    | 388.000    | 388.000    |
| 1     | 1   | 0   | 0   | 0   | GET    | /user/6479030111/home                    | 0.004   | 0.004  | 0.004  | 0.004  | 0.004  | 0.004  | 0.004  | 0.000  | 388.000    | 388.000    | 388.000    | 388.000    |
| 1     | 1   | 0   | 0   | 0   | GET    | /user/3349025359/home                    | 0.004   | 0.004  | 0.004  | 0.004  | 0.004  | 0.004  | 0.004  | 0.000  | 390.000    | 390.000    | 390.000    | 390.000    |
| 1     | 1   | 0   | 0   | 0   | POST   | /user/3700544641/reward                  | 0.004   | 0.004  | 0.004  | 0.004  | 0.004  | 0.004  | 0.004  | 0.000  | 216.000    | 216.000    | 216.000    | 216.000    |
| 1     | 1   | 0   | 0   | 0   | GET    | /user/1478/home                          | 0.004   | 0.004  | 0.004  | 0.004  | 0.004  | 0.004  | 0.004  | 0.000  | 342.000    | 342.000    | 342.000    | 342.000    |
| 1     | 1   | 0   | 0   | 0   | GET    | /user/1577/home                          | 0.004   | 0.004  | 0.004  | 0.004  | 0.004  | 0.004  | 0.004  | 0.000  | 342.000    | 342.000    | 342.000    | 342.000    |
| 1     | 1   | 0   | 0   | 0   | GET    | /user/1688185485/home                    | 0.004   | 0.004  | 0.004  | 0.004  | 0.004  | 0.004  | 0.004  | 0.000  | 390.000    | 390.000    | 390.000    | 390.000    |
| 1     | 1   | 0   | 0   | 0   | GET    | /user/1706/home                          | 0.000   | 0.000  | 0.000  | 0.000  | 0.000  | 0.000  | 0.000  | 0.000  | 342.000    | 342.000    | 342.000    | 342.000    |
| 2     | 2   | 0   | 0   | 0   | GET    | /user/1478/present/index/1               | 0.000   | 0.000  | 0.000  | 0.000  | 0.000  | 0.000  | 0.000  | 0.000  | 1937.000   | 5180.000   | 7117.000   | 3558.500   |
| 1     | 0   | 0   | 1   | 0   | GET    | /user/1831/home                          | 0.000   | 0.000  | 0.000  | 0.000  | 0.000  | 0.000  | 0.000  | 0.000  | 55.000     | 55.000     | 55.000     | 55.000     |
+-------+-----+-----+-----+-----+--------+------------------------------------------+---------+--------+--------+--------+--------+--------+--------+--------+------------+------------+------------+------------+
